y1 y2 y3 y4
1 4.23188397264884 11.6056890243473 -10.1579478040764 -11.3588882678143
2 -8.96470831520446 7.34716965740867 -11.8003789417169 -11.025949761899
3 -11.3882505464659 15.7206702332801 -8.81519721097399 6.83652085288801
4 -9.70745485553355 13.1380814706352 9.58086627427403 -9.82681818383315
5 -9.26549742773763 9.5200392602068 6.15691629657704 6.15391304936818
6 -1.97632184842355 5.25153413806615 -12.1975140117447 11.6552495850007
7 -10.351743390841 -2.45791002815082 -8.56138603473095 5.47923456645044
8 -8.79214475968114 4.3249328472681 -13.6906162608894 0.217512724581504
9 -8.13438657277751 12.3993249316421 8.73481773569355 7.30535060750766
10 -12.8266357620422 11.6137882218643 -9.98813924056423 9.22717383244174
11 -10.5090927964958 0.656582668609757 -10.8554008350999 3.62704577985341
12 12.2497573257548 2.86992193435317 -9.737873899113 11.4379700349724
13 3.23466111728352 2.47115110316977 -12.8395767346342 -10.2401679201679
14 -10.1990846175601 5.73667700137081 8.18589791312412 11.9646228247858
15 -1.65250394040667 0.624022048946399 -6.89400056341916 3.53224203859109
16 -9.2052152279831 7.32009987912593 -10.1270879111607 10.0764152402564
17 3.92785679107776 8.58660357075663 10.0580182624408 1.19304599546718
18 4.54031206526401 3.70662452998882 -9.15366755070018 9.96188634981713
19 -10.5838676268323 6.09852515315734 -7.4200344765883 8.55483784961786
20 -11.0795203095644 4.82416471631846 2.43818495116737 9.02410301561569
21 -12.0043537035014 -11.0201299007992 -8.32690199125214 10.2679882058747
22 4.65796766568144 8.32166579526228 -12.6024874938536 7.37684103255961
23 -11.3419403355299 9.88238149565905 16.3756697943869 -12.0038372004051
24 -4.8165138123668 10.5227659525758 -8.0215450096535 -11.7955310623779
25 -12.6044177245648 9.41119616507108 -6.80712974552307 6.82390216609843
26 -10.5899701156651 7.21976006080812 -9.79288640651301 15.2715064931565
27 -10.1058825644936 -1.72618047099695 -11.2066940960769 -6.34283912341193
28 -10.4038666707383 -8.25858225236314 -9.47494055598106 9.17793802860514
29 -8.4169059414842 5.10184328378304 19.5331747601804 4.23791813438086
30 3.38961227020467 3.49947348837103 9.82365678124168 12.4923451774868
31 -12.3596631132557 12.1327572866631 -8.58854095872653 -14.3513844157177
32 2.76519422872774 12.1852843045672 4.8516769331632 10.581158957175
33 -11.9740635318697 10.5205910705308 -10.8104508904402 -12.6555628645806
34 -7.22685209117583 9.90571385599123 -11.2176101386735 5.36489681547808
35 18.8490202237931 8.0642288023021 3.2792322139951 6.63473546264055
36 2.60507172418433 7.0959745364478 8.54626549572185 6.77321023020054
37 15.7994582917727 8.44592145962085 -11.6284389509234 2.90229117629363
38 -12.8080864654845 4.302933778482 -1.00816109123372 1.13543130987182
39 -8.06022324664353 11.112630276238 -8.44961614395204 7.12124684495684
40 -11.832314306993 8.61417085933005 8.52994401125484 -11.266879248674
41 7.85181567440294 2.10694384690927 9.7058761399414 2.59180726536495
42 2.20967473818382 11.4396333273774 3.75343400512757 4.0147293719174
43 4.22909357860554 3.52536003846733 -6.52816776836632 -1.30818875844265
44 -8.47329041085427 12.7539225398738 -10.8072361277255 10.3612170254958
45 -12.1441634856327 9.7325479463142 -10.1963548729737 8.98394114616864
46 -9.04380433708585 13.8470611877554 -9.93647145207107 13.7370633909648
47 3.18160490226497 2.81447671530264 10.7487667398171 -7.76846310439146
48 3.19856940599223 5.12081901830286 -12.7937278491906 7.54573406257709
49 10.0133135304325 10.4725069446194 -11.0808382117996 12.5609646532827
50 14.3381525401908 2.00236735813335 12.5332940923456 4.43724863752945
51 -8.20501465713328 9.33040111550758 8.94189804944835 -9.72051142399085
52 7.80833265884685 4.02855421119521 -7.80706583056598 12.6311866974741
53 -11.60273848721 3.62598359026951 -6.64665382555933 -9.91304320512717
54 -11.3904525110802 11.2014120561622 -5.43380420488822 10.1737891942298
55 -9.91718404142911 7.68800156353813 -10.7784922156743 -9.27163347022516
56 3.61256669528426 4.74569610473534 6.32564947040399 9.88591514891095
57 -0.3686159961897 12.3687653519095 -10.5440758072658 7.43718026802624
58 7.82251636482395 13.4696990693229 -10.372561378937 9.47976828462891
59 6.0807626696354 5.71016559188339 -10.4628145862107 3.15489913528421
60 10.7186343580486 -0.460954501752959 -10.5847574604329 11.1442174593904
61 6.78736359157056 -16.2085432008836 10.1508939201607 -0.260101516326694
62 -13.8518632432582 9.64955623810279 4.08586720288865 10.7135907498712
63 1.70193259490719 10.9779595436614 -9.35522010407992 4.48514212231299
64 -12.6162306060897 4.55461881200927 8.15568094463228 -7.76199435840129
65 -12.4139238614655 5.97332730559555 11.5254023149133 -8.46413346132771
66 6.73339626232425 6.87353192068255 -5.49575478522177 3.87561788416165
67 4.81822844402879 8.54442457938353 -6.63882281976692 -6.80094815226578
68 -3.42887394544138 -0.466297654551368 -9.89648712276293 10.0684717985737
69 -9.55593401002461 4.45701187667546 3.87458419575321 11.566813582104
70 8.85662996201823 2.77064116509872 -7.05944115737149 7.0324795098484
71 11.2167126081503 1.40703579056124 -11.2257729825863 2.98102372788783
72 -10.603216198672 -1.84280156957626 14.0837556354 3.81314716044473
73 2.37372201543612 9.99660521134827 4.24549856568383 5.84415541056395
74 -9.34161511687502 7.65212700596831 5.05499810333261 10.2584171880117
75 4.80793721428871 7.65506450716823 -9.54849419012264 2.10074895580593
76 -10.7674319198945 7.86111289066182 -12.7189133781534 4.19481337904891
77 9.99191430658638 5.09412445252678 -11.3098048433315 10.5665856038475
78 -9.48328410638515 5.69438789332634 3.45474215107875 7.25776910837435
79 5.07791750802427 7.8633738030249 -6.80849661165379 -9.34076756439989
80 -11.2308775394237 4.80120911647016 2.21834087217975 10.1396808450522
81 -9.41404569809439 3.52631481200389 12.7704773421018 2.56199293196411
82 -2.86479809317414 12.4637780008258 -9.23039811681746 5.2647336977695
83 8.6815437598073 -2.82488354861461 -8.64921002831001 4.96549174971854
84 -9.79645739537301 5.21278005967814 6.86593008965075 8.57823966529888
85 -12.5966435709746 10.5236736016383 -7.72032159613649 16.8917513585155
86 9.96819284334067 -8.35573109428027 11.9918681952971 2.15629147617067
87 -13.729653557203 13.3667052181235 7.54891381882359 12.6646051310723
88 -9.10010395814741 1.52035691608974 -8.49438570999024 9.23033897634908
89 -8.37843134731255 2.15705919047887 -10.0843978348202 -9.81255872668725
90 13.3539351887415 6.92845291498935 14.9956000866203 9.94275541175829
91 -9.67450895987246 10.3840289389231 -10.9903471309835 -11.1944877345067
92 -8.46088347001446 11.7878697661663 8.99818964434839 13.7368155142527
93 7.22105989053373 2.52182735574478 9.02100887115731 -11.4795025467721
94 -11.5063678731132 6.83564545579469 -7.6380806388623 8.84189907193389
95 -9.14312001585023 5.16832727635917 -9.41316663912926 8.49695198298169
96 -7.17012341393354 3.71892465904237 -13.0129858585914 2.68917141628427
97 10.0301059808713 10.4652181634302 7.19616523672242 -8.46774502161032
98 10.711421862556 3.63940654127038 -11.3653603393225 -12.7181537042603
99 -12.7655511830752 -1.06218145399369 6.008813649678 10.0202599808888
100 6.10107688781042 6.66194187245809 9.14595963307115 9.65266333416711
101 6.0309983792209 9.52284345189207 11.4508937033742 7.45305253270142
102 3.06579767142497 4.84371577490207 13.2613443139864 9.03632538213693
103 4.49343914168437 4.05202740833578 -5.73776049549677 9.7243218917711
104 4.19168568546941 11.5876749443836 -13.0056000177385 4.63852183786562
105 8.75185356367959 10.8717741578519 -8.10942590915679 -8.69546953030318
106 -0.557170016701754 5.15260455307316 -9.09470643689725 10.8745829291847
107 -10.2967771746701 12.4661030648452 -10.0390545267513 6.65839772203258
108 9.16398988614903 -8.84999419532326 -5.1749853174323 -4.52037813464626
109 7.47101624288484 7.25321506433987 -11.1407521224119 -10.7508884680507
110 8.57818730471758 2.71999432343946 -10.6646120192698 8.30556501522288
111 -14.7065141876582 8.02859922681931 10.1207567674912 5.72230536169681
112 -12.2201390120542 14.6787202259033 11.1780632648283 7.76064911533072
113 -9.7541498455906 12.0406517422427 14.7186311157472 -13.2243173316815
114 11.3947057138457 16.2841827680335 -10.7630272638853 12.5464716023732
115 5.01830648607444 12.840387031242 -10.4724049468114 7.26810190234291
116 -13.0902583187585 16.1633680676113 11.016315972995 5.23294021543663
117 -12.2619318397256 3.85378836851759 -8.53421258678688 8.72805174410865
118 -9.90194527570086 7.58090192391744 -7.83664542492696 -12.2125713749104
119 -9.45598446536981 6.79495477025077 4.34020887639892 -10.7082618862539
120 10.1440674581101 -12.7259982089329 14.8436258462166 -8.56666610174296
121 -5.72561510809518 15.2154182256551 -11.3968914253213 -14.5158222094479
122 7.05170720813394 11.6557601356155 -10.7939349271073 13.6606657496625
123 1.10971403376099 9.06839232346878 13.3791314772912 7.88708446963337
124 2.29355653713052 8.70517176654365 13.9471478575849 -14.5318751734147
125 1.70458484041834 13.8487937989736 -13.1653227100842 -0.90306312470323
126 4.41722361233086 5.01527232385939 -9.69790081612441 4.890361428934
127 -8.39632150040088 1.89221479774626 -11.03794897657 -10.2481466873303
128 -7.5709607280963 12.1560179853137 -6.20537218944093 5.63425064072965
129 4.94584596723505 15.3512156098169 -10.0869580845256 2.80273970646067
130 -8.6340042882547 11.6172672980841 -7.47973517522473 -7.63701560173016
131 -9.15537637916249 7.66591103304901 -13.2775130287684 0.963291021425743
132 -9.48566849491053 14.7979561239773 -9.32002213826863 5.92957433805272
133 -9.59337570873856 -8.0703224551503 -10.1035439043697 -8.90463535425856
134 6.08844176879556 10.8856478175988 11.1796718334294 10.9301922027641
135 8.1157486776798 10.9466253615581 -11.7713618451717 1.19511940377619
136 -12.8607360737633 7.0091662914405 -10.8145571276297 -11.9073460294705
137 -14.0307517708965 5.40758139707088 4.30989469090185 -10.7010407666948
138 -7.57299788925164 4.91502495654671 5.49694996546626 3.18946448622674
139 5.52328102685244 6.99685356389281 9.29630308800398 10.6442125885364
140 2.58266256380204 3.40878510643933 -6.83647322232169 -11.2989531884823
141 5.27951748008486 0.867541144102424 -10.3790052400393 -10.9293201151487
142 -4.74952052218686 4.49673481233217 -13.1000609183994 1.84531647704064
143 -9.14809007565799 3.86129733833825 -11.3534251909988 9.93066124544565
144 -8.07874630395645 3.30599656170464 -10.2193189016097 10.5060849392451
145 -8.50473940162561 5.52988664060936 -12.7815606848346 4.07378571196675
146 -7.0584836390476 11.231397614259 -9.41075012504718 6.89456309410056
147 -8.97704782584866 6.5902553075077 -9.61983706345241 -11.7405754630226
148 8.34056482493655 7.65988966345023 2.2367574394365 -10.9654456212529
149 4.90177499727552 11.5199555073635 -8.98417274839852 10.7086885986255
150 4.55070816803903 5.17794946380597 6.86056713138591 8.7341097392488
151 8.29190099876286 10.4164356992456 -11.8394394499343 -1.19965100151455
152 -2.47488716468602 9.65244216922526 6.65531272397238 1.42237789974323
153 4.16281360092303 3.79027442159253 -9.96180451857618 -12.1313125177876
154 5.53530348724882 2.7907386558111 -11.6838771994887 -11.9610607127501
155 13.7078533853368 -0.314759017230077 14.2127139658801 -11.6256539174275
156 5.58833111205879 9.32065603103159 3.83966600950304 6.30293850867194
157 -11.8721837652609 2.32981293575427 -13.2831636919389 9.72655053358439
158 7.55934431562158 9.04595126185612 -10.3243732930973 -12.546390412947
159 -10.1636442924932 2.99850776645053 -11.8500506393713 4.33378782300572
160 -9.99346719375306 11.4347257138235 10.9836140519908 -9.10227437044156
161 6.30729914643624 5.03119586776286 -8.42859453042707 -4.23296035635683
162 -11.0350584517703 -10.1627433526183 -6.09849134687454 -9.75318810148223
163 13.1535621251937 10.4714864213787 7.25735511570472 4.66767648020139
164 10.690783899585 6.40542699696709 5.71994952016039 -11.843294484671
165 9.74448616284877 11.074479643699 -10.1950218073439 6.84974313225477
166 -8.96195084369948 4.82098324263908 6.12358856071008 5.37471292768252
167 -14.5441274427435 2.22997386418969 10.7381674531693 9.18649970696791
168 -10.5393531896232 -10.0861411142585 8.42103426790459 -8.99116854154031
169 -7.908699213149 7.49934288317749 -8.33523932977256 6.16703361365655
170 10.8348828666821 12.1175087391369 -8.96157099255399 -10.5080013712776
171 5.47237819560148 5.02833587616753 8.16646978242158 2.58570264252592
172 7.94111765829569 7.10414098583833 -10.1045384416093 8.37850560928664
173 -7.67083031735419 4.02771242546666 6.81218833555327 -2.1996621212271
174 2.64438969438662 -13.2355751629886 12.1516750244602 7.79923419583647
175 9.44550667313443 7.2076274285 -9.23828903721604 -13.7515200990084
176 -13.2320994174357 2.66207156247295 11.3345434333978 9.21994736058019
177 -9.53660693285446 12.1165964904621 -11.5848955677365 4.384199090398
178 -10.9571380588055 14.5094033455163 -5.83470211868478 3.5287119659515
179 -6.17450795341259 10.0978825619023 -9.76172591248705 7.84020256356394
180 4.37908748524733 5.20846942387018 -2.42587479057288 3.2761841431917
181 7.30544384601973 3.31646497110536 -7.34241973600259 12.2173180529015
182 -12.286606110818 7.98144126284411 5.98078760523949 -10.135945020701
183 11.5397450785473 8.04787034597692 -11.9733556145858 -14.7074524999668
184 -8.25112618131407 -10.0319919413366 4.95771204402123 -4.59388969719453
185 8.80481451996698 4.89499374183889 9.1986268521019 -0.422647740506492
186 -12.9844845190568 8.4860532256445 7.24429900379151 7.11528001943905
187 -9.67051507101366 12.2910290248105 -14.1958741195724 -10.7521770946336
188 -10.1429401382002 9.12997520579881 9.39864334731898 9.37505140987179
189 3.30153171776995 11.8519683047127 -12.3264278954511 10.7928985485212
190 4.92111644378347 10.4304012800631 -12.0225939087913 -7.58480638672588
191 12.7733429063578 1.69841872245098 -12.1559448931865 -12.0802119342039
192 -8.03154362592531 8.47025152773061 6.38421770599053 3.51088301903519
193 -8.77002234482221 7.2787648744437 -8.09496580247848 -12.5862317131343
194 5.56460584868158 13.4949909584616 6.80463814285343 -9.4464845238604
195 8.42942633347922 14.6881646487699 9.06784319812331 1.89533644058343
196 2.01916961918926 7.03530487753872 7.71763619075739 -8.15419879554675
197 8.57593129269212 1.70388996804755 7.77127298023404 11.6367181221206
198 14.3878250027133 10.2319366606944 -6.15064843338966 -10.4394263713145
199 -13.2293761107795 8.23477459195344 8.48171748950044 -7.19499734308643
200 8.42929713586151 7.47371320428481 0.0561249665461991 13.3277224642307
201 9.2642447634609 1.58671625551262 -8.41968599416425 2.57166843052631
202 -9.64841195691089 1.96198857501334 12.8418753899268 -8.73332222361904
203 0.820158565077234 12.920199438531 -8.27185223062223 5.12040858629315
204 -9.19630976735846 3.31619105239383 -7.85387216876949 7.38779334153993
205 -7.37414100958928 7.25523599001632 11.629425087273 12.5493365291751
206 14.1132085628496 10.9496081606023 12.6235982276307 5.03622154579117
207 -8.93573009530956 5.10122101461019 12.6682413928206 9.31231916997715
208 -9.98399598600484 13.7211879213235 13.7398681701368 8.66151137673351
209 -0.966820405225608 -13.4572970360508 11.369852342204 8.41298058765334
210 12.0759488163858 9.46282365347441 10.4674126245307 13.0363254186322
211 8.64187879311339 1.99982175343824 -8.75229749365689 -10.3486750875895
212 4.13516657813524 13.2621121580047 8.0991445101982 0.161237008240908
213 -6.11477475003339 5.62050711920756 8.63487095180365 8.73296412077832
214 -0.898371942707774 3.44480224770316 11.8845871144878 -6.74415053505784
215 -6.94103128365703 11.1693804831203 8.28887680619662 4.04925749335886
216 4.22346001096329 6.14043608065502 6.52659209552543 6.27444303239056
217 9.53193846115305 12.0895899248244 -12.1636907423888 4.46074211420221
218 8.69000939416786 3.6855015279552 11.4927523403718 -12.0037453666136
219 -12.741788498308 6.31665495618695 -13.3946776946871 -1.14257712979057
220 5.34378393011381 11.7729725755482 -8.5708137919379 -11.4198562070013
221 -9.78538556176369 -4.65763722812521 10.5298406443892 14.1315289056717
222 4.06650612323545 6.78804731771907 -10.3545038095559 -10.8109087576404
223 2.84585728619989 -0.266286033103478 -13.1066752085919 -11.2623474580472
224 -13.6453369332581 4.21204282451531 -9.89095082793986 3.99160930677268
225 -10.5440669637273 -9.6103802436449 -11.697064690818 8.38569053864399
226 -10.2043825298102 16.4284430230994 -9.46605390234217 3.46541354361765
227 -10.6295643347704 8.80935246235544 -12.462880024138 -11.9561214360073
228 9.06443009663371 -0.674523619744513 -9.88313302004513 -8.77895125201724
229 -8.30869741687935 14.0538002776681 13.7663272854757 9.54115337459297
230 -9.71011652984621 9.15865133801525 -11.1173130755988 7.46000063319971
231 -2.99981018346327 9.44841573104205 -10.8014879668993 5.67839710731178
232 11.2906097551695 10.2564785971911 -8.14085859572021 -6.27992997679481
233 12.2216483544671 11.1617084467498 -12.3268618381946 -10.9352395430858
234 -9.4966142748834 9.4134115540031 -11.3226393556058 8.85602336845407
235 6.80113401406763 8.02107962727904 11.7256331558844 8.05333933573389
236 6.52580286397147 14.030799788049 9.80136939565857 -9.59225111684295
237 2.99134337350571 3.04100174438716 9.37177607779565 1.95374674630172
238 10.8994037609902 10.1433671234609 4.9728058257277 2.76352316958196
239 0.877126097533016 9.45585280512418 11.0988697306721 13.5690406052658
240 -11.9230228111629 -8.87161143884633 12.4997839217767 -10.3351272649789
241 -9.34026857593745 -2.18400701540522 -14.5219652822241 -9.39706578416273
242 -2.51376502373621 11.6100518655522 -11.6820742507334 -11.1067558016709
243 -10.6000539281419 4.71018928102543 -11.0896222379281 8.69980554014422
244 -11.7315680547907 -7.6007170834235 4.0465212465324 7.10223257006714
245 -10.9294561531796 10.9847864010426 -9.93369402125159 -9.00714356335139
246 12.3788111428332 3.55535155811903 -8.66522340533013 12.7332622868098
247 -12.1977567147148 5.57599511410972 4.72057761846396 15.254376892334
248 -12.9074267597249 4.21088682191031 12.1686444989237 10.6600647232564
249 3.8439789823871 -3.2016965805589 15.7861406730052 4.44194050222464
250 14.3778097900424 11.5118875634876 -11.7688804317693 5.03869783820801
251 4.39426137315011 5.04778083600531 -5.90883140420643 8.50926445546837
252 5.05026459366464 6.59271068289681 10.6884590943519 -2.31032327071622
253 14.2605403279754 9.0800423922941 9.83725039580391 8.22530232944882
254 4.36478567516806 -10.9048995847168 7.68652579885036 2.37694862212339
255 5.95784822089444 9.38294690700646 10.3191299104404 -8.01169399426168
256 -10.4440820809146 9.54839851398332 -9.71270165247146 5.70635120879913
257 -14.3693959139255 8.36579579625107 -9.1965292497918 -10.7825190196109
258 -12.7934909808408 7.5589078852563 10.0349588617598 -9.55581556397084
259 -10.4581743124093 4.4777672928572 -7.45669323520843 -10.3832931029898
260 -8.1302688995238 9.36455707187536 -8.76179581333606 9.88503430910069
261 -12.8327279946497 7.99887485636273 8.77067981405509 -7.23511246132219
262 9.50421240092868 4.44742751320479 -9.19481846770073 6.97108092717759
263 -8.31270475198688 0.0821459948697267 6.77344012990249 -9.16390074568196
264 -10.9501755030098 4.8012186681698 -11.4120295245115 6.56775386123082
265 -7.46664263615467 10.4395620862953 -8.24261809837636 7.19860567539586
266 -10.2082773606106 10.9942568849468 -7.45488685117916 6.49133420391439
267 -9.96620789034955 2.25940696261517 5.59194431744223 -10.1914048854056
268 -4.98855836901955 14.8797963853629 -6.14089761589592 10.1829741519941
269 12.7634520287416 3.6277737223579 -11.055668848455 -8.83221993897118
270 -12.9101002879954 4.72945535589109 -9.02330556950625 5.04716872361031
271 7.41457688613787 6.78409698625331 -10.9858819426708 -10.079660533856
272 0.338225333569947 10.0914548822861 -10.6131644827504 10.7510149518316
273 -10.6180343491505 13.2007995843109 5.95682587870008 8.62941790083732
274 7.78889859106615 10.6098652779732 -8.42868645285877 9.61188067758446
275 -10.0362856449669 10.0903076610226 -8.24147687443284 -12.0810111213461
276 -8.9821330447748 8.2251999683189 9.2373967312724 -8.39965569226979
277 -12.9331205782945 4.05998669477762 -10.4110695464929 3.81172653314012
278 1.63335058704948 8.05137351815221 -8.84598080264368 4.54746620609762
279 -15.3936432578263 -10.0002506540345 9.92068388222729 0.403842510515971
280 5.83362707327434 1.4124486938911 -6.72336169811366 14.0260855999026
281 -0.4054234927296 3.30479193080667 -6.36207491497837 -11.0650758189993
282 -11.4419172208429 12.0234190218712 8.71556865663379 11.8933504671964
283 -10.0754281113843 -12.2586166334847 -9.53185067744616 5.55990632164935
284 -0.380579485349219 8.54425904819349 8.80672035622756 10.5781310405015
285 6.80656938936988 1.84721935039601 10.9853168093527 7.47662598218802
286 6.88324037025524 6.60542530343828 -7.828347598028 -10.9470276636729
287 -9.35198752843559 11.2263481137441 8.8527024662853 7.80674483645329
288 -11.5215390632052 7.82069771174144 -11.620488435053 7.83994857669463
289 6.49130711175729 7.12062877119221 -0.490939825468913 6.76072548828232
290 8.50328766383236 7.52376659497683 -9.62337996227345 3.02761446847426
291 -11.7554809824983 5.25869535788508 2.19237603479793 1.42321152787545
292 9.24758409031528 3.88510222099818 -8.32017115564259 9.49809997634577
293 2.85925787571701 1.96146371394396 -11.5062631065819 16.1949515205567
294 -9.85645178322234 13.4922738148608 -9.652805895401 9.34941943746394
295 3.25300201882346 8.05582100077368 12.5322400722476 11.0019720887202
296 -7.80633849702701 10.7319206450563 4.2374582963587 8.40952958179388
297 10.5753126477097 9.68418928115069 -11.6467192658957 4.5886183613859
298 7.79682966926525 12.4371412963395 14.017621456586 4.05673112968807
299 5.83200435417573 7.58131478403217 8.33339998979581 8.69679640642415
300 11.1231207487874 3.34769590397051 -12.6593977524337 -9.34342108938323
301 10.3508452203637 4.69495888040547 -7.73530921349864 5.33355589424572
302 -11.7440921858745 4.77410464082471 -8.85220877607715 -6.5403472646415
303 11.1777159719213 7.20077272573979 8.99453905935651 9.66441247465747
304 -9.37380661696143 7.40916095175227 -9.01978061704033 9.90181531848549
305 5.59617263672762 10.2215242612123 -10.1849584709584 -9.6422417569285
306 3.56301103808042 0.106606175124376 7.11911804379609 10.4412598738673
307 10.0013976486786 8.67124522089057 -10.1454213398504 10.8403416564091
308 -8.99999162630583 -11.7530127578701 11.0394498160766 5.78435261408356
309 -9.11884663696974 4.98689094285986 -11.8900011302704 11.9131538622303
310 3.70067416638569 17.4886658007347 14.1690886828225 -9.00066389561853
311 9.44087819666668 8.85738394155596 -10.6690517577188 10.5616070188435
312 -7.91585935272864 10.22442173035 13.0084343647759 -9.14994338636235
313 3.47537644823775 5.74735639856872 -11.9715041643904 3.93446877526661
314 -12.4336648748065 5.78081035680521 13.8455108891532 10.51549338307
315 4.23943931014748 14.8637626935944 -10.9153148204468 4.6805842552137
316 1.69467038376246 5.45967920873434 -10.175168217646 5.19440252622092
317 9.14752753309183 4.85012588429663 -7.11023307681169 9.72078032930785
318 10.9687422507301 5.87735027241883 -8.63354301317385 13.2893691219618
319 9.84803296540342 -7.96730459470333 -6.84514001341846 13.2282667176739
320 -11.7363206775901 13.8176760620221 9.24148818759062 -10.8225078741609
321 8.91480339243829 16.9787828946901 -6.88848273344987 -7.79769062661525
322 -9.13782459832089 3.54275457095903 7.40781462164308 18.3055205976894
323 7.38464386839146 10.5233990282541 5.21744775202098 10.4435185359328
324 -12.9765272376406 5.36036394370485 -8.99331551452695 9.08803855385178
325 -8.50042619106127 8.4754773646661 -9.46656865248107 14.2457726043191
326 -2.5320234846869 16.6945657773666 7.64034858449963 -8.66898042425673
327 7.85090630571105 4.15512299408137 -11.024902235979 -11.3118579226106
328 -7.86199201374958 7.58165007325101 -11.1140064773685 8.29600509701481
329 -9.61647287292891 -0.935601749926582 -12.0298390099534 6.0162770051047
330 -11.1074367113915 -12.0815114630759 -9.7918320140898 -10.7128566334981
331 -7.78291999861336 11.4069038817031 -10.1038816886241 8.98392157592219
332 14.0762302761245 8.52824910004266 7.74894862704997 -10.4066435544788
333 8.60851978845657 7.13200697642028 14.2766208023232 11.7624869464623
334 -8.36573577382026 9.79327207845991 -11.1560961074967 10.5332658297534
335 -5.4570017104663 -5.74153290291021 -11.4245757689646 12.6843854185458
336 1.27462881163429 11.7963363411963 12.4955564162366 -7.52145511564816
337 5.34450662444814 14.070308814161 15.0281403934558 15.9199258343834
338 2.02129737927387 1.44744497797754 -13.7469235247972 8.23666679018169
339 -9.02722240557723 8.21475399100788 -10.889728195021 9.04054440000585
340 -12.4032360601217 4.75586207528517 -13.5516183932124 15.478459934832
341 -0.402364771328382 9.32388022694194 -7.08242580554996 1.39477250924033
342 8.45702807047748 5.76407429994994 9.45294259581344 16.3559510383305
343 -8.41126464029981 6.19081000765691 -7.53343635528066 14.4040445293646
344 2.3935674652701 6.01154161498175 -8.06321337017281 3.32100489395809
345 -11.3687338649368 3.2962389821972 6.49527193568105 -8.27798174608654
346 6.79579698583625 -10.0618597689338 -9.57712432089505 -0.653358409866901
347 -0.101229774549115 -2.52360808070774 -9.9862615787298 3.13458819402726
348 -9.62407560604556 10.9210310512886 0.434713639362815 10.2653109394762
349 3.43536934955504 8.30955531071443 -1.99207350763105 12.8191909596128
350 -9.14334586032926 9.88383459076836 14.4062727660729 4.90083661546127
351 6.67607823353521 9.81688234880597 -10.4752460130756 12.6958776989828
352 9.19119536388981 12.1136151094258 -12.7861317469635 -9.57914425996801
353 -10.0523337197532 9.10261231664309 -11.9738716377848 4.281757855861
354 14.2363974995496 10.1727255160039 -10.8113062004502 -10.5365429205328
355 -9.16962337832572 7.87541846285723 9.76670654345691 6.60084408610746
356 -8.62463119916581 5.47581527344662 -6.50150622911229 -9.57380028755057
357 -9.14530291438702 12.280215037496 -10.5705114525272 14.0923764472218
358 2.77452796789775 8.81632803543725 -9.8629789832155 1.90962426309785
359 -9.69293358218613 15.1809809642714 -13.0674851512522 12.1310176497504
360 -12.3982946807739 11.3851322342645 -9.66634822799223 9.99582495024684
361 1.67970669886021 7.96473268920991 -9.008707509758 -6.56704597248877
362 1.86081585865999 7.70910717479099 11.6910594637838 10.8694312176295
363 -13.299196086007 8.72147839527694 -11.5173099633606 1.27005253425036
364 3.93617381290343 8.69567481211019 -13.3743700513903 10.7772893445343
365 -7.03473566549087 5.95809078551472 7.68388913284741 7.42660101272589
366 8.60303303957223 11.9370811741654 13.3766649827033 7.09196917564071
367 -9.55885921536577 5.29588578469162 -9.80463924344235 13.2399857877711
368 0.0932239914679016 -9.79660377857678 -7.67630882978692 -8.22862906105631
369 12.7925217984499 7.78223627178751 12.5895288521623 8.16760478238679
370 -6.59760832379159 15.8907264999319 3.56751768917893 -4.5943606637239
371 -8.94002962044384 4.88497476259879 -10.4162003935902 -11.793868459663
372 -11.8643267163902 -1.60353853992631 -9.40899125228158 10.7159572147269
373 4.71734514298259 10.4259208277641 9.47794164792766 9.72677946169079
374 -12.1497247520003 14.2583679156945 -11.8471460055424 10.8347830315825
375 -10.4582937683332 6.60423950104917 9.16291702953175 -12.0299980730653
376 -8.60925414652264 7.00517446929909 -9.71421371399629 -9.29882220580074
377 -8.86755860616889 11.2326922790782 -7.54584248489916 10.9166561787598
378 -8.72076578549416 -0.878728889184001 5.92581663034817 11.6599694364475
379 4.67264783042898 -7.34715900390091 -8.13722170307399 8.3031796190648
380 11.1776682576951 9.38472112173491 -5.04745686866807 -10.6764769234429
381 -11.8466835757139 10.6762087904437 -9.42261495140832 4.84744034458092
382 12.0780002443758 10.7751887647335 10.2052944480358 5.49990548882097
383 -10.5581636977609 8.60980690408219 -10.6890999504672 9.7327537603074
384 4.70740147640297 4.14540594078505 -8.86474757517755 8.07632626961169
385 -11.4324090849752 9.36391254059452 -11.5830494550391 -10.7266657733747
386 12.7889336625013 4.01459600257297 -5.57501931058927 15.394241369378
387 -9.87662011996913 9.83194594092613 9.35838504375634 7.64940606039834
388 7.89300404192951 5.40522007057748 1.32434343600023 -11.5145906807982
389 4.49922788573127 11.0363266772524 -9.09738039617851 6.63650882102574
390 4.9600881799241 8.53137898095121 9.25165334148849 6.20877124534553
391 -10.4308539784392 4.69359833340422 -7.64234720769673 -12.0268027661037
392 7.11003553135035 4.39797248422339 11.0566148979799 -7.94888951755039
393 5.8934352814615 4.06378863923558 -8.31255979219526 10.2172679759157
394 5.15193523990509 5.06881211750792 -9.81467342190033 9.57207302999716
395 -10.0495409359393 7.86142565992357 9.09050705520599 11.11625243414
396 5.22857911358694 8.52278725127574 6.01839847346863 16.3476631350749
397 -8.9747583472815 7.26279834212456 4.84009389916337 6.66725377918968
398 5.27842205665056 10.0189969701182 13.30737033234 10.3004570707526
399 7.00004649244942 10.7183623264375 -8.87103786833844 5.62371846752801
400 -6.79563901487752 4.52934005652811 -12.3227688069833 6.73888739872414
401 5.11274964005 6.77195015440776 7.30965569247848 10.738324085851
402 -9.32720312300756 6.68342219089594 -10.6097744226245 11.9701621015712
403 -4.91863332361631 8.02752009911331 10.8104290392314 -8.52774397856616
404 -10.3591950263952 3.15167159180173 -12.0129705704119 8.1340592099357
405 -13.1653383608962 7.24438494858925 -12.144393278629 -11.4354980770024
406 1.5278302114138 10.3484700809691 -14.0173324105336 -7.68986245163192
407 -9.61726616538961 4.52404902611947 9.71332004106488 16.6579500051561
408 -9.47591649587581 6.26521606536453 8.70174194755536 5.74023486077803
409 9.55433277381884 -3.49797300228928 -9.05398289570524 2.42189022102216
410 3.44525116822748 6.46534411341006 -9.26082140749794 -12.7822568071628
411 -9.2393933512327 5.60660561512869 -9.3238930447767 10.8431509163603
412 -10.1076641673038 7.58245389687669 12.5831273638705 12.4655219309128
413 6.04805006984424 10.5411661996205 -6.70238318805994 -10.6866362960826
414 -7.48075422149427 5.29108526010481 5.91578820365177 -15.0482186588339
415 7.89478304287012 0.280967927979646 -10.3788670052386 8.08233536723652
416 -12.1858152175672 8.94247570618857 -9.46393566450801 6.15456438957117
417 -2.51147791065125 -10.6883322723132 14.0433339463337 12.4526938346796
418 3.413371770489 8.09674842516201 -11.0511512960989 -10.8752286526919
419 -15.6042127750321 4.98516191835531 7.80959540387286 8.82400694530558
420 4.22724542050894 9.21365323116027 -11.5956433252581 15.2371789078811
421 -7.8871458281568 4.29908407964444 6.24111681621191 15.3537994791102
422 -11.8534500574005 13.1361601244872 10.2293793739932 -6.7629657151432
423 3.56217576239474 -0.658798639240913 -7.73793280244355 7.81116855183165
424 0.260682233224172 8.54513396434252 9.21701241630178 10.1015808591478
425 -13.1448681925836 9.07619484759635 -8.98074072273309 -6.79996307835349
426 -11.2901812067541 3.95924701955167 -9.37426303643256 -9.49042720452655
427 -10.1936048491075 12.0050086062719 -7.92648246765272 4.48123350701951
428 -9.73560414721583 8.83427142940466 3.60364562772744 -10.1356275365515
429 3.44352370516231 9.71558485486744 -11.3314891897041 10.5938819654939
430 6.37678194970142 3.98306456445499 -11.0224546205572 -9.02409691227631
431 -7.92924135188977 9.92362758648274 -9.74746790231154 -8.29136946287327
432 7.37063979946868 16.1906528253721 -11.6902467576323 7.21368913604597
433 10.4015049608588 13.2724537118077 -8.78014261483573 9.21844971189021
434 11.1818677782833 4.7953120518243 -8.03612661149162 11.6246136470833
435 -8.9571800529776 5.64305872892989 -8.43910855132413 6.85208240582953
436 -7.5741789178728 2.96238910161585 -10.7739748116077 -7.95867288189694
437 11.9410630742077 7.87920856282395 -7.61038034488467 -11.8042773133189
438 7.01098488377574 6.38419783556427 -5.25180419027077 11.2201610155095
439 -10.0029272238901 5.8354302754817 8.49530333428665 12.3026771015959
440 -9.87556096136407 7.57589897962975 -10.7575647313022 -10.555604291666
441 3.45087111126129 16.5769528007123 8.43923211972881 14.9830476989743
442 6.80941310909787 5.13501185282738 -8.22525546376053 4.69776938271008
443 -10.4364810306105 12.6499632045772 -9.60549880411 9.24205446417251
444 8.22556081296293 9.35992664743539 5.55042680598341 8.56403431599074
445 7.35701689468574 2.77543719185019 -9.94237416710764 14.3887211549318
446 -10.1063194997899 13.0218461808839 -7.40829908578189 5.90089919006605
447 -5.42410247540983 6.59640657777113 8.63029011517395 -9.20666833662984
448 5.00776791003213 0.584724585246247 8.72081303650541 2.15042923059827
449 5.97007110918389 3.55563734365441 7.76707593840082 4.66106021945758
450 -12.2725869892531 16.5586232923692 -9.98745045766567 9.79275598008751
451 -7.4533400573405 5.18137461767834 -10.9062392379187 3.86101470832641
452 5.35232835786883 8.49224651124152 -11.2926183594564 9.18502802268949
453 8.15598942386512 8.61272250652398 13.5484866495097 13.6917788670916
454 -12.8282558705331 6.41053757788734 -9.94335038353921 -13.4841370187713
455 8.18629302695332 11.0115843873752 -11.9846483234258 -12.3982589603446
456 -10.9653526969817 9.26369889520549 10.4089549769694 11.9463089477358
457 10.8504509344775 5.10104984995662 8.22460454408624 14.2417595937951
458 -8.47225889693752 5.32779968589546 -9.77093600042832 11.5441471042933
459 9.43014026126673 11.0202372744415 -7.32758753603876 -11.1595456503499
460 -10.0820949644117 12.9449933886672 10.424633926861 12.9776839759611
461 -15.384510578367 11.9587451562472 10.728221804135 -13.0577327812891
462 2.90537872620918 6.51781908137924 -8.90101965758202 -12.2287177736226
463 3.59038924521539 3.33515595596449 9.4740333729339 4.67303622533237
464 -9.33039643693826 12.1547497013838 1.35663270846567 3.46579593778323
465 -10.1860103085883 -9.19513762172535 11.9964965278297 2.09660893909698
466 6.8626173595459 6.01404358936869 -13.9449919539828 -7.81683422903761
467 -8.31059813261154 12.3568013192636 8.96072857278394 -9.79502693826653
468 -14.1572198755277 -0.869069141539115 8.40837131157774 7.80477464732604
469 8.50093275132526 4.34195597332575 -10.1023924213472 -8.81295064649186
470 -10.2478622578847 7.44881732615801 2.19778397163777 -13.7601295311844
471 -10.8496087021899 3.55332301246265 -7.23260363371209 6.68830875574536
472 7.08264062974245 11.2612657770299 7.56701173931714 5.82454842762704
473 11.153905979822 6.60807631275014 11.656402834648 10.0861169361902
474 -9.57019736758337 3.12903850042539 14.4926264291843 13.9722312881811
475 -7.68370858476848 -6.87682801118856 -10.6354000963491 6.49215284129209
476 -6.90679829832688 0.337679394854214 -0.746905235059538 4.25364235263921
477 13.2801432070875 10.8997357050877 10.382106285738 11.6130776054468
478 -12.8640320687367 2.91740502623816 9.58984822581327 -7.1170589685388
479 12.7538419318503 11.4216753210986 -11.1187299024858 -11.0498866316612
480 5.51832090517973 7.16686435143234 -4.42086644526637 12.0022358499678
481 -8.17512727494045 6.29382061687708 -11.0620651354504 10.4803317055244
482 -3.02768172969448 2.04016853771406 9.72233128981227 4.85770607603077
483 -7.08977543837477 0.00399181420525974 15.3751954129551 -12.3514950280941
484 -6.94184695103334 9.24034630022357 -0.917331444519621 9.94481235240997
485 -8.28411220620689 6.95295567656761 -11.3053907468159 8.40210888876127
486 8.69498157074012 -2.38011337081643 -10.363465750917 -9.03952514076003
487 -12.2458360645464 5.24732667880242 -13.0409047796502 9.71604873833868
488 9.52193327050493 -8.23936949770398 -8.15900795840055 -8.58246374904518
489 -9.71011824995679 0.636060168692255 8.94744920031612 5.14451594067454
490 -13.0083704593218 8.20945670899511 -9.19079950307458 9.3399041744057
491 12.4218879899168 4.83266647117574 7.00532548049433 -9.26241521693385
492 2.97298575391582 2.00361167488445 16.3207804108186 5.19271957681906
493 -11.284487659818 0.982460559213122 8.77970424338946 -8.98641539206725
494 -10.3208963325639 6.84086030618329 -11.8806536037535 8.86471365434327
495 -12.5053038978605 13.7213450939359 2.82138883661997 -12.1037217985949
496 11.5488973920701 13.2469247759034 -9.48598052555401 6.81898862768065
497 -10.3621330705041 8.12919782396574 10.408582128816 4.97881626361571
498 2.50855188240975 2.43696709945195 -5.98799019750541 -7.52136508427378
499 -0.187937367721586 5.32368848012434 18.3329619280783 14.9988837681782
500 -11.5008035413664 8.6972278827618 8.41277886802491 9.82343381351329
501 -12.5158535665132 3.11988031904473 12.7981623126392 -12.8489881756641
502 6.48700632104476 8.63154316387201 15.7369720539474 2.88259629570712
503 11.4349003397401 10.1452769815697 11.1545411717709 -11.6995143952854
504 -9.09618462429598 1.18550249973567 -8.64597266556235 11.7043764125918
505 -12.5552281766917 6.45601122578104 5.85561689316616 7.3706909395259
506 7.23514079253894 7.96895411960649 13.9365709486894 -9.81324309133807
507 -11.7391089852504 8.43022513869327 -10.135556560728 7.55671658680505
508 -11.3506201411119 5.03262100454039 -6.33128993874737 6.24355585513425
509 8.32576725815927 4.16665892404413 10.1471550999592 11.7789774198081
510 7.75451044942718 10.3862295564833 -6.82255805844235 8.07170934888906
511 -7.47893551124077 8.60651908056624 -11.1183175365469 5.77676833697971
512 10.0644703650041 2.53685418098291 -5.71967113281922 10.6720777063482
513 9.24970986598764 0.662361865286143 6.47498615572214 11.5644435244593
514 -6.86269645061735 12.9241207010906 11.6507813959243 2.47301820132882
515 4.39543217195816 2.4574803386935 -8.23413494405706 10.1045367823463
516 2.398937155388 9.3998305644391 10.8409148228979 3.79355306325962
517 -7.26285868525544 6.17565879528956 -9.50092769676109 9.53445771268331
518 -8.63307767132932 14.6160843000416 -6.1446542077716 -8.47045860310148
519 8.06472984354754 6.78884086825587 -8.27468591270321 4.52768783973777
520 -14.176940512015 0.704562258960109 9.88987527678895 10.6034209583793
521 5.15313531709975 11.3235110957453 -14.463384300759 13.0972232453438
522 -9.01807803128611 15.7779566665967 3.90015692082615 7.28109232853508
523 -10.4129374529434 2.79341381085343 -9.35927782014928 11.2840740660284
524 5.86165834909133 10.0503080342937 11.0909220776993 1.99500649297085
525 5.87941811531385 3.45513557569134 15.3600243154786 0.707602856589468
526 -10.6369947660392 8.64347190350134 -9.93685728830768 8.51125822484131
527 9.58229956636615 5.8252310872217 -10.2175956264557 -10.9864765955764
528 14.5391330845929 5.05203615272132 -11.4475017087817 9.88812508557884
529 -8.39128592407351 2.50309308335586 -12.1202972298342 10.1715455988271
530 11.0610561156871 14.0718077435637 -9.4632500330202 -9.19357547242463
531 5.61781188317169 1.56356012750887 -8.73917902486644 3.19977857281362
532 4.58611813311971 4.38492942785948 11.5379705355259 -7.74248298348931
533 14.3289640582129 8.10485495718625 -16.3111777421455 9.54606476674501
534 10.709528631446 3.01657231324032 -8.02569509090252 -11.8559838160363
535 -10.0761135035456 12.6976620359653 7.96244611065188 -1.55095749166896
536 -9.95288605180892 11.9237294866534 15.1539637742689 -11.5233268636474
537 -1.29506225390673 9.20941992922351 -11.721633046749 14.3464256925257
538 2.19634216095358 7.42119650173007 6.77686219599049 11.4692309459429
539 -8.29245769058999 8.97666518363831 12.226507832715 17.7793365700361
540 -10.9408194223799 9.2773578082313 -10.1172566282664 6.27696345259376
541 -9.67187142817319 11.4754835926431 -8.97305203528847 3.57953538789899
542 -10.8988428098673 0.132663754293375 6.43638790385782 -11.6875267574172
543 4.53797803036819 11.7074216948983 9.15611180851683 1.68861136501024
544 7.08175108835258 10.7500969187242 4.34992372344695 -7.44590239083256
545 12.5943476149709 3.1988527651867 -9.43373921543038 -0.448377954534378
546 12.0637842911016 2.17463441310259 -15.1886465397964 5.65776841368663
547 -9.6458726600537 8.1246630571634 5.62190168758587 8.25609551991836
548 4.76052778144299 1.14239788684667 -11.4165064464615 10.5450678760403
549 4.88241381947515 -9.03845856345455 -6.74942412430801 13.300248035459
550 -4.23094533719772 7.10851885951412 -8.86229005579443 3.82426711151857
551 -11.5652107850601 15.5350545593552 -7.44547711690093 -11.1426100908751
552 13.9613836061015 10.8841895208827 -11.2532865894297 -8.64953584416391
553 -12.3684192364964 0.449072648756628 -7.97502360039473 14.3484301168186
554 9.97747939021708 3.24660332066408 5.69029994125234 13.6887281568137
555 -11.433832147044 10.658551300543 -13.8382604515625 -14.1448805251651
556 -9.87745704889947 10.8491429773201 -9.59268285089281 12.8095643747207
557 5.56510155033652 -2.01537618661713 1.13034216612259 5.74060064529297
558 13.3920820496951 10.0635198609975 -13.293019168538 -8.60500722723289
559 5.71787810866255 8.6914545613442 -8.06005362526003 13.2074840370156
560 -11.4473526564269 5.35689265073412 -12.5365236731405 -10.7583900547547
561 -10.2809613385726 13.6033569026363 5.04123153807241 -9.16800813456331
562 -8.8576977767752 3.69502492101126 -11.4575272574507 -12.2631648838504
563 -6.29524758963533 14.0184837715552 6.69557976547313 5.7566120867757
564 -0.935481333948196 9.83630423576829 -10.7033126639897 -9.09081347789069
565 3.01206142139166 6.72557522854553 5.49765844611058 2.30453149370451
566 -1.1140137397431 10.5503776962845 4.24444194011946 8.17710751149617
567 -12.0710720232384 11.0272316197532 -11.9356392565353 -10.0667970145807
568 -9.70124732477299 7.78836109069775 -12.1933753021086 -8.95251689581406
569 -11.8431481480003 3.01435875506175 10.5076845371413 6.71977074856412
570 -9.23358552529271 10.9495648893775 9.91439611215525 6.3065077219511
571 7.58674409456638 5.12579569672988 7.93635816825002 7.03340948338193
572 -10.2802179323625 7.14286831580353 1.30664045397259 -11.73136071706
573 4.29484452219929 7.70886848012325 3.77836168787167 -9.56739484684756
574 -8.70701799169747 10.3252707994052 11.393303233926 -9.68264473052023
575 -9.38066301697906 9.11772048165813 -8.97969930460106 8.02159677794791
576 -10.3008900722454 -5.69095566293341 -11.9206788858974 10.1380123926499
577 4.91891931494787 6.83447546031791 7.40277900694465 7.10273836948262
578 -11.3699882538866 5.93818050890562 -12.5562865147203 3.98367140751331
579 11.4797670192354 9.19506876126755 -13.107383912316 7.03684423810708
580 0.645217375642181 10.7395210818682 10.8040714989305 5.8781149245322
581 -11.7960113971849 8.66084154836094 -13.7487392412461 -10.4075093482859
582 -10.9476868680068 7.72651874772025 6.2946042808964 -8.95872679305654
583 7.33569120164189 1.80189827753176 -9.64961278093051 2.91010537206726
584 3.48843300622284 4.66677981706139 -8.86622232475325 9.02767448944251
585 13.0779394054899 12.4520224131353 -15.6582545460259 2.50020193059339
586 3.3469729675851 9.85786272369148 8.46286454080557 -9.76986739107701
587 -10.4313195520969 14.6101703573178 -7.92402803571018 -9.25637795110095
588 -0.822980737260809 6.70531230329059 10.9639654039038 10.3690664097293
589 9.26216065051649 13.6778031598013 6.35835222067604 -9.55661184694222
590 -7.68688627798593 5.82163156007738 -7.15605017694331 11.8890322890998
591 -7.43414510517268 13.2556037332439 -7.73385383175157 -6.00997756670095
592 11.9705414391954 5.62900721323989 -8.25679142905192 -11.4787481364412
593 -8.22562065724113 4.44904124287558 -8.81176163318109 5.67417860884002
594 8.18262475932369 8.31894317571929 7.01201112700671 7.47456119592945
595 -8.32675915991668 5.21293095003924 11.1334653537806 -9.49714538229659
596 -6.78984380303108 10.4662841631416 6.84028371355949 11.8479232859825
597 7.38571018173481 -5.57086950753313 -10.6688822207422 -10.2319548818107
598 -11.3605492355059 12.3320312961427 -9.84418552803406 4.24390756348069
599 -10.9173694215105 2.87399381672323 -10.8210193642658 11.6591109353932
600 -10.3353824252842 10.9844371450559 -9.01909723319831 9.22191867755011
601 5.42308744331633 7.76014286317207 -9.61254692490557 -7.14166413057351
602 -11.2578199068099 3.65085182632394 -9.16496780984865 3.03299850965762
603 10.0010553269235 5.86560882999015 12.1662539583045 4.84885264684866
604 -0.977762184238768 -0.546236380963738 -9.16219690305127 10.4576085224823
605 -10.9098856318639 3.2001240694411 -6.84490063626481 -10.2039094501647
606 11.8285102102222 2.16490450848569 15.7207701364004 5.16633002600582
607 -11.126649385389 9.01000282078519 -12.5687744262648 0.601172754961082
608 -9.02635969148359 5.26549931591963 5.47093061197812 9.02214223516596
609 3.82820085091769 14.3448076166644 9.09210250778825 2.97516667787274
610 -8.20202603192499 12.5007985862003 -9.17397216295095 6.06120177885796
611 9.2630574980072 9.11003908942516 0.290313873394519 14.3021117031475
612 1.1097640577787 0.206928682745219 9.71057988764321 8.01527144021398
613 -8.51376887714384 13.682844452209 6.16958471813161 3.58366366862512
614 15.1216313894528 12.268767629465 8.08247831860209 13.4793461675849
615 0.917501389431762 5.93679337614642 -8.76930839474725 5.24313934428204
616 8.02002507843925 13.8169912904163 -11.5524303622605 5.31142756087216
617 5.02444737866211 6.68227594194643 12.5084204291254 9.48060541276653
618 -10.8619555302912 7.84360079672024 -8.84930564839531 -8.97267166644849
619 -10.3148869352516 9.3497536524054 -12.760163700487 2.17965947853058
620 15.6381120917789 7.56935623240557 -12.7525743018008 -7.28441747801987
621 -10.4206488945654 7.44448492228356 -10.4249889328006 -12.3580148823345
622 -6.88886692705064 -4.59532328602801 11.1673471908566 -1.62642067718803
623 10.1546969638091 -11.6167802744848 -12.1449973073939 5.50106918326146
624 -10.3378316861739 8.19297753243648 -14.0251941553997 -6.29643303399161
625 1.93912650070239 12.2978941083376 -10.7441877993224 10.2260130126335
626 12.5440930254735 10.8490618734903 -7.28245684402752 10.3018321415811
627 8.87690764275961 1.2823898584811 -12.0890472859443 -11.3033072405714
628 5.5771065432744 -4.06342470612606 -13.6455673091488 5.95579895733306
629 -9.72718171150277 3.48748878715868 6.5857443697871 -10.7207148343587
630 8.24456293046888 10.3114651295596 -12.469101683331 8.38446601283946
631 11.2499087887967 7.84363981778482 -12.0467908622275 7.1374927986658
632 -8.29638086822347 9.16034657129696 -7.41414131134463 8.35291316941423
633 13.2306676883618 7.65395070424399 12.2009909705998 10.3847073180844
634 -10.6051273784059 11.8040378929603 12.8202500372477 10.5815290737263
635 9.51651378326445 7.90746577915724 10.3211323588284 8.35797950866663
636 6.60995870857547 3.58004856700132 13.6519575037877 7.77681893490158
637 -7.15263511574819 5.67608419997575 -11.9087954359568 10.0980727818232
638 13.5122228333213 10.9634041291777 -11.1375713769715 -9.47377000897557
639 3.78102090627979 0.826585022005459 7.01428377486475 -7.58557406195075
640 3.47020295790065 7.28178557166143 -11.0287714261729 -8.4942382174495
641 -13.8803630455908 9.56626302600411 19.240893502448 7.32103492098484
642 -10.3353313927148 4.08968198440678 -8.99691783352895 -0.723647243076552
643 7.81531291107916 6.57010882018245 -9.81630450702266 3.54513658114286
644 -11.1623053291595 10.6579967163177 -6.61057892221647 -1.27888220513674
645 -6.43778393372196 9.25859172055144 -13.4585468901724 -11.1365448361546
646 -10.9629203588621 10.4384439488267 -7.93152586169368 -6.27405234116584
647 10.1446091393639 8.04189111233197 -9.03707139627329 3.11149112557009
648 -11.2564746616935 4.83457746408245 -7.2632104047734 -10.8226473650822
649 -10.9430644200334 11.6348566230414 -7.81923289827386 -12.3656755641717
650 -6.42327698963962 6.29569801701605 -9.5933071150192 1.28353610072582
651 7.28467952653771 8.8690163967792 -8.62885277092548 4.84452352036275
652 0.063543384707482 5.79138133854207 3.48561573952185 7.1133806543397
653 8.56191922599005 8.10955330085955 8.77920215987145 -10.6901220457659
654 -7.5192015851678 4.99710494042247 -7.99907104146033 11.2964081566224
655 14.0722677046969 4.32385965597044 -10.9377024141287 8.16020013113597
656 -7.28366346979172 10.1046790725139 9.82447473439431 8.639148884487
657 8.16997645368792 9.2181493289992 6.27688225690856 4.07333181505265
658 -9.9286192306135 7.20807240787407 3.87101618394387 -10.1768767528192
659 -6.44332239937286 5.24987277604421 -12.7859597968408 -8.37791281980141
660 7.78954087277502 7.09716006026033 -13.4452061594796 4.39022775685919
661 -4.61834747975101 6.95431138801582 3.31223311803103 14.132322325721
662 14.2556201542713 11.4420568572031 -9.98366898995415 9.68222386142682
663 10.4617313687519 3.53150379897315 8.76276044357397 10.0792441432636
664 0.180264320941889 -9.6623673690308 10.4587395608727 5.3918633365012
665 -11.7578407113203 9.49641120733426 -8.31625837959565 -4.61132375710841
666 8.70862212621591 8.14100830920587 8.06650964458697 -7.75015100495796
667 6.43352732997302 8.84240409889418 -11.7522036474511 -8.17299475066959
668 -8.29053729829054 9.47701745389692 -8.9634931989053 -10.548994390998
669 6.60420701044275 15.5402525348722 -9.06401339370232 3.78538173262386
670 0.549862923986957 10.0724347257833 14.1903466510737 7.02417037234854
671 -12.6988328792627 7.39497736381709 -9.55565862965003 6.31757551993819
672 3.78636153006583 10.1962757558752 -8.48075375628274 4.25588951175558
673 -10.3127655803095 11.4414949830359 -7.55025556688035 12.0896350714375
674 -13.3509615014259 1.96474810904097 12.6716832538637 7.68260196778242
675 -12.8825443954582 0.104554169497688 8.18763772244045 -11.0708360284951
676 7.69486177789651 3.29447543575908 -11.4035389344201 -10.5164508972757
677 -11.9215705377316 2.14101506887528 -6.24257548866605 5.94940480468281
678 -10.9655681154491 4.7202624285365 -11.5925456470168 -9.40065927351182
679 7.18725576162431 11.4166169294614 4.34293103530202 14.1096478472118
680 -9.55949556385812 14.6684187422752 -9.78868784741396 10.6214559059591
681 6.37220348548894 -11.1642346415494 -9.15766926599444 10.8857313110725
682 8.04046294490044 13.8865130319829 -9.1147338459124 9.9942162512716
683 6.36241099349871 -8.98055424622843 -9.12691199307244 4.07450457618749
684 11.5485495413338 2.16920378977568 -13.2388397560967 12.2134475825702
685 -8.81901697436597 9.99863267787867 -11.2593487562883 2.67873428990199
686 0.831707282827899 4.40989168331637 9.65085065058529 7.68246440921698
687 7.77916291633537 2.82345253463809 14.0922613492119 -12.1100435912606
688 -12.3444435179546 2.82115330876704 -10.1857900233813 5.55036525128557
689 1.74798737638651 -0.727971651958878 -11.9031978568463 5.59316755095791
690 -10.360784905251 3.85780059079263 5.33622610953934 15.1862342560534
691 12.2788286938436 -11.4972815899968 -7.93186087233239 12.4792675276829
692 -7.76079212858261 3.87841680928147 -11.4131066195197 -9.83023891472022
693 -11.7202723172661 14.5715569899388 -7.28131111161253 -2.27565467139901
694 8.83128872801303 14.033145140665 -9.61031779656711 -10.8793265412284
695 -11.4463894418089 8.76973008519298 -8.88961633817356 -8.96463627568759
696 -12.0446861557193 9.83243135610253 -10.6716685212201 -10.7606155923941
697 2.52792606487828 5.80645421963461 -6.35299420922575 12.4260973503583
698 2.57804376692936 1.9737479237391 -11.9733343272498 -10.2027424312541
699 13.4067410053835 3.18541067589613 8.45815967212136 -1.54505416424535
700 -11.2976089199239 9.33292852128798 9.79259306424931 11.1852156396053
701 -8.78635453236691 9.2167389399231 7.0533541169527 8.84795960953944
702 -10.4180147170837 11.904393331062 15.1242483777303 -11.6370926779395
703 11.0379861139871 14.9384042273306 -9.56777218513052 -9.26916795542894
704 -11.9680956821954 10.2207407893993 -8.04664138924585 -11.1351809808433
705 -6.85943592754713 3.80544463014711 13.1468285149927 8.68745692747648
706 7.68999489174196 2.81953730931368 -9.21883451353965 12.3204238010339
707 5.55162603164158 13.5396674879179 12.3189118548708 9.63501722102534
708 -9.68154929515703 5.13950121242297 -10.8732537257805 11.189117418199
709 4.90786209418458 12.7398683465567 -13.3113024672266 10.2592540475097
710 -9.35962863882821 7.48658281776874 7.14888863784356 -9.7022123276947
711 -9.17094302532262 1.27327547248821 -8.01830646656884 11.922316477505
712 6.1400642815247 12.8899665938382 -12.8780965354475 4.48015643594971
713 -9.04601026768584 10.6909084246287 -11.0902847295866 7.27447732992468
714 -11.2287463222711 1.31771132720902 5.96891097701074 7.62448834776517
715 -12.0288801011907 2.06822209350046 -9.59541060066949 7.26295575710169
716 1.60339061167276 9.63192397030648 -8.45582230934876 -6.79917785730281
717 -12.9169701015608 12.9063416006773 -8.09149426068078 -10.8959565765881
718 -11.9006725581035 -8.23090214708541 10.8617364540057 6.24781928329066
719 5.74290791136999 6.71102197648688 -9.64889581123481 -12.6321070086408
720 7.07144806620584 11.2805690122605 11.8356790977664 -8.70083229454681
721 5.39097159440699 9.94429308340358 -11.3962405681469 8.9631608444481
722 -9.61870349741921 9.28492100498665 -9.32608261544906 9.66011683386031
723 4.55738023541233 7.76554508267714 -14.6650843572697 9.68116862284089
724 -11.5686499132977 1.85000474240627 -11.6797567755183 9.97273606478491
725 12.4712901450393 7.90776974554173 -11.2714779122893 1.78299844488408
726 -11.7934356558601 7.69953697638133 10.1080348410822 11.8483926097482
727 -8.77173753102023 10.0962350881476 -12.9268510459687 11.1855471229757
728 -7.73101118292661 5.41072445330632 10.7923759976891 9.07385913124515
729 2.0391335631893 8.67130099218334 0.129670114292614 -11.2195872896138
730 -9.66345632848322 10.2618029778873 -7.96545307469691 -0.458435175983034
731 8.40016759484467 2.66660046648784 11.3050713275926 -12.8837720642985
732 10.9564608401308 -0.504959183070111 1.89182331493399 -9.39708123224717
733 3.73155675297143 8.87210564389666 -13.0482106518307 6.32911358068576
734 0.554068136054377 6.41632295444251 -8.51122569990598 3.31495338755838
735 -1.05021355199389 4.55565518073759 -10.7415376639611 0.969140390302031
736 6.72990048052931 11.0169702781993 -13.3114228606544 12.7284862277657
737 4.23915268134843 8.05633882096982 -7.73881592632484 8.79235632775642
738 -9.33003238709624 11.1597141012218 -12.6378440905434 5.81557596214061
739 2.91032332887107 9.16651300587989 -6.26008697661698 7.92138131328791
740 -9.69028728396912 3.19931808351396 -10.0033091384102 4.87362744472367
741 -7.79701143611966 -10.7930260041136 4.41957795458266 10.2235915153145
742 3.09805773600651 9.27289038721708 -11.4088246953565 -14.028076678002
743 8.45946066884502 4.78579376933982 -10.9195245792257 -1.40554595798467
744 -12.292831731832 1.36819587744795 10.3319748748586 6.82525103910552
745 9.06432486540394 8.31474887612128 -12.9104222706269 -11.1040858418675
746 6.75803282700323 5.27852952158817 10.6813541133175 5.41366272883583
747 6.7814649078494 -2.34717361284092 4.69401249198203 6.98874080731978
748 -9.76100636090587 -3.04754695070434 -10.8496376606214 -7.80590141939495
749 -9.73352348768951 -9.54881258900319 -10.6637768517474 8.29062979407166
750 -10.4901735042975 9.28500710568233 -12.7803040241488 8.02465348150779
751 10.593637500369 17.6091803195583 -11.7827239536313 5.17195433939853
752 -10.9774082574403 8.40886020624542 7.91166018074848 6.28168216763894
753 4.82383867639355 5.31533837345937 -9.14303653990047 8.67533457155606
754 8.46363782960792 6.98781633742452 -7.49638816487873 -11.131432286021
755 -12.7568065432615 13.147331005705 -12.1152785752216 10.7382626694571
756 -0.569793287706774 9.88106209708961 9.23516758468966 7.79198105167534
757 -7.2370304986879 9.6345321964828 5.30094214899156 -1.67165699655987
758 -9.54299234263749 9.7345950678511 -10.2905882803837 11.2167006313221
759 7.27057201838076 7.43986771008648 -9.00728753404222 13.6888585577167
760 -10.4957411693254 8.37029517778135 -9.68399671592666 5.68727111665733
761 -9.76391135720548 9.7951586639039 13.0132706460911 -7.78898370912266
762 7.81288041251449 6.47604611346242 -9.76449527072659 10.9433700046415
763 -7.17642136602684 3.49683731451641 -8.39691837896445 10.9610353033827
764 12.7192057309313 3.2411693604886 13.142369440246 -7.86086809806677
765 -11.2911197045234 11.9099097089203 -14.9299852383869 10.026597527737
766 1.96755551480324 6.13058738675418 4.24522876153076 -6.69773478372228
767 -7.51345044105843 14.0423414835647 -7.36956451294268 6.17774933148594
768 1.78666493027265 9.75887353357201 -10.3238151663678 -3.37802361998744
769 10.2584805036206 4.95518572862146 13.5476469320727 8.21714560673524
770 8.38375583413755 4.77240548724539 7.17049934710819 17.9929497495049
771 2.42816253116653 9.32606353847477 15.113889585703 -11.3885262708604
772 -11.0718568679426 11.0954741831252 -8.46222496314986 15.0787879992841
773 4.784024223456 10.9684243369691 11.541705626146 -7.92741912208877
774 14.2372574547313 10.6013867576138 -10.6380042117808 -13.3339583617619
775 14.9275984609564 -6.53598222044321 -12.1944574324438 5.92965832142243
776 -11.741127699131 4.17627664887479 3.45369066591925 -8.04641714705672
777 5.12930165784771 6.37466920993819 -9.46257832752893 7.78546017398368
778 -11.2715325156219 0.22195580066294 14.6077950416912 -10.8463896340987
779 7.12346977635976 -9.64700648925282 -10.2162527992864 -10.3826764889625
780 5.19469401554471 5.03333456195096 -11.8851680219581 -10.417035039283
781 -14.3166929793969 9.25770959641241 -10.6153799187313 3.04106598784028
782 5.20280516195171 6.09671731586168 -8.63017880128843 -14.092059261713
783 -11.5551094871072 3.1668422477263 7.28960392945072 11.1327781412245
784 7.33330893198893 4.88251541477154 -11.7192192964259 5.69211070816732
785 -6.31921345153457 10.1211370683732 8.73765008842881 9.25678515447743
786 3.08225399043803 6.32029137814483 -10.2946943601059 2.13188838775976
787 9.02036094021452 5.52052000321965 -9.82702282625414 7.94445056847468
788 10.7395783917453 7.30993959863822 -10.2687526123826 9.06795325886366
789 -1.94258750472025 7.95353164044465 -9.39342007129177 -11.4051244743539
790 -12.7566459401187 8.87570904729079 -6.36416984641535 -2.88376584630058
791 -7.12572996500748 8.20981691795458 11.0326501617659 11.3826716954839
792 9.0596025303278 13.1105406612606 7.38971132011711 6.56111317926698
793 5.20223259644521 7.68789966658045 7.69828215885534 10.9345693718382
794 4.73891535477364 9.06973864514437 5.38030909577509 9.4734104605234
795 14.0468990939717 7.25476567952576 -9.30928783221276 8.58495154440598
796 13.1148095859339 7.19859669273523 -13.5392852366607 3.89093105555504
797 6.60961723998528 7.72859572716306 -9.90109795381952 7.7088190304705
798 7.92516660551589 12.3428892853211 -10.9113704861007 10.154030563823
799 7.97621420857308 9.47769122152947 -12.3899323625577 7.32068998549359
800 -13.2374088444843 10.9985344083461 12.9307115112606 -9.29146887834217
801 -7.05450617563703 13.2318605399561 10.8175716643364 6.47279098783952
802 4.719874881879 0.948000801173641 -10.3350529965783 4.17232214169821
803 -11.8565269227157 1.85930034764813 13.1140735925482 11.1372873675663
804 -9.62761737293549 1.47320718580645 8.74180247494109 8.65205600394974
805 6.9221999514776 6.19291537591527 14.5581403135178 4.938958336231
806 7.56528711995272 6.94471502910742 10.9838275913038 -8.45125012459832
807 9.0303702934768 11.7812534513731 12.59133977478 5.74331314265819
808 -15.0469502565762 4.13598135004948 -12.384838122787 9.77455086322075
809 -11.6242762436422 12.5817808805931 -8.96704548718489 3.87710368107609
810 0.855180996461556 -12.5442509491502 -8.91297079288918 4.18673585243661
811 -9.11667225147417 8.53904442811294 9.38232292133659 9.075537051197
812 9.40041414868833 7.51906700459536 9.43466566384688 9.15034999986903
813 12.8489887292232 8.98487577125077 9.36890061223256 13.2551462696402
814 5.8496969461282 6.042846393496 -6.69813765634736 -11.1391843055405
815 -11.6573862371982 6.63144844704659 -11.0339014482044 6.19110370726836
816 7.50981830310984 2.32662541556004 -10.5861230380202 11.9971677941824
817 -10.5199227472444 7.76656209473182 -10.213189772161 -7.46406732990334
818 0.00768715973550815 -0.803598090209761 -7.8391760217468 5.10764488899393
819 -11.2544568538984 8.19394241565416 -9.50365031541336 9.61381445373615
820 -11.1273171983433 2.15276253398921 14.4393478831031 10.0197328264405
821 -9.95695229328915 5.87970883961449 10.6085025279329 7.65193730565463
822 2.74522375022035 1.65381147514117 -10.3316487259489 10.2246146325927
823 -8.25053124372991 3.26130368324166 10.3233667710207 7.93972304584471
824 -12.2971236080826 5.08183923073945 10.2135128577784 -11.4064070171953
825 7.74043270466608 12.4302349724734 6.99529437946054 -10.9224200333838
826 -8.46050015921406 8.10544766810826 -11.5324680955092 -11.3147207248446
827 0.511934544719622 1.06594588643649 14.8908303593555 -10.5559812560349
828 -1.72128336309896 11.2718325254644 6.73948275873097 11.0718901876772
829 -11.8892819806906 5.95688658454338 -10.2831939929224 5.10122262908329
830 2.02765958466756 10.9151765574038 9.04472648540539 -10.5530760406933
831 4.82020417479826 2.01096723729294 -6.57930197022416 2.21812484173583
832 3.9439817954842 1.82477779617137 7.98721160690871 6.40197804577118
833 5.66512123519265 6.10939695015755 -2.77161808003382 13.4699537771243
834 5.90039342183607 7.12465846132788 7.45904013400522 -10.7963738752273
835 9.72271991228912 -8.50752414161924 -12.2768341536159 -11.4097289324512
836 1.4330540024319 6.44446955671034 -10.7439893725994 11.586635278514
837 -14.2488064421184 4.78407968054511 -8.13918072439816 -8.88755152266133
838 -11.9651563175199 3.13420182188246 13.0157986469297 -8.13271565900573
839 14.3464854605964 6.30925210393805 -8.6816822891488 4.41529162421082
840 1.23096285114387 15.2884570038852 -6.96220666704134 12.0631480253319
841 -11.6241513133531 9.17417237099239 10.4141318052741 1.64119858646806
842 12.0069627666224 8.50221443118643 -10.8063143187738 10.3330132648789
843 -6.37220586995958 4.75633667879186 11.1549103926744 5.69345173297052
844 -10.0663436755076 -0.29444377371536 -11.1119518773711 11.9992201714582
845 9.8858718903231 7.75680221041047 2.46858079130406 -8.26716729748801
846 11.1518494024665 8.75041212428355 -8.4940352041448 -10.6638629781772
847 6.68368372911813 -12.2417410927607 3.706722686131 8.82110108800481
848 -9.2285763341612 8.50913555897877 -11.1464179030545 -13.6268543616806
849 -10.6596023136023 8.06922946371384 10.5095922157059 14.6651662902752
850 5.72732180951717 6.78542855442385 -10.9860314813565 17.124522662791
851 -9.64540445847114 10.5230797654225 9.39263726333725 15.5878222020632
852 8.97152816575825 2.82264684752597 12.3867067786042 10.0347681094124
853 -8.64248383741865 -9.02550240597015 -7.27385824704131 7.93479350528431
854 6.82267801525583 5.96010128752843 2.23321509959859 6.13899340526717
855 -7.98746719246378 0.247234768840882 8.48302694144912 16.059022985333
856 -9.50258461158725 10.9922240306974 -10.5247390765751 -6.03167960095803
857 -9.69499443107287 12.1393574861619 9.52549708978605 8.19681607245381
858 -9.31948494324247 5.43433154552292 10.2233932962699 -11.3259388110243
859 12.0538790899489 -3.63328258048785 7.52292016032826 8.18516882939803
860 7.62551404093828 5.53788452212561 13.8267175854629 6.75361550230298
861 -8.99736150996895 8.66273636882226 -9.35385467781276 -1.35900268613803
862 -10.3599582713683 8.04932285137814 -12.5550839738034 -11.0316693649322
863 -9.66908309282361 4.98889335812607 -9.18288918556423 -8.51934226297332
864 1.54421774785768 12.2172466995808 -10.1671545546078 3.70017031781686
865 -9.63543773330728 8.53817661194971 -10.3019601946236 4.81411988381148
866 13.6383356570885 4.86967241219216 -9.35641790074049 -7.48009692779226
867 6.40197719976411 7.03322779078834 -11.3933949153887 6.24521181209272
868 -11.8180071387521 5.72242060744034 -9.94544385739966 -11.3825949906035
869 9.78179477222814 3.14413753133819 13.9999674227781 3.9146393856718
870 -9.78114506071734 3.6954493298111 -11.5176846073813 7.35451597131095
871 -11.1708695306941 -9.80595664880546 10.8234788154061 8.79845677001725
872 15.6885262964725 4.92188199470395 -8.00881688711384 9.06405653429484
873 5.37828491214016 12.1067836236674 9.83790192106803 -9.0052269454202
874 -8.12147510692824 12.8321756452516 -11.2585188293611 7.63071182739633
875 8.30584093857374 15.4502472436586 -8.44533967651547 -9.71032557920256
876 -7.78459156148746 2.13224198999065 13.5503109463818 8.18439461472337
877 -10.5500107212405 12.1126515115189 -11.0683217912916 11.0262990304558
878 -8.76838813336468 2.60333238865892 11.5164951652469 7.57579308681314
879 -14.5677666398181 -11.2545199187907 -13.4966608249865 -8.76405036355817
880 -10.1875719400211 6.46696118382986 3.95636345402249 12.4738197291209
881 11.8932337112375 -1.19395349528538 3.62947915383017 -12.5825358800448
882 -10.5828760822675 7.41891972536979 10.8465258112823 -9.62804861835421
883 9.94608966449222 8.23650211845498 1.77168146991212 5.96608593418626
884 7.78889890430753 5.71318832879021 -11.356407201815 -8.95984330946886
885 -8.22613332177747 9.30521767994891 -9.87629468099674 9.72266259984558
886 3.84110802953721 7.83476881994015 10.8548620219557 12.3914428195361
887 -11.273814500772 5.19117352659743 13.7207394124689 10.1685380039261
888 0.389351182748976 5.27488374572855 -10.6922842924292 -7.75316145542004
889 10.4500952307895 4.54159724997852 -9.91891704054932 15.3895426723973
890 3.38919422218731 8.48519181649604 -10.150105758527 -8.49516826918842
891 -13.73291958837 13.0096970890192 -1.90211503930143 10.8253662497437
892 -9.38651153633567 1.99231707028642 5.7396141301762 8.62016277181704
893 -11.1585834093491 11.7275636639241 -12.5645162225518 3.74554072040888
894 7.56316649331561 9.7875365191039 -8.24018053400495 -7.77739368074293
895 -9.65729372774791 12.4117416206475 -7.86591159078548 8.89192778254117
896 -9.85585100742289 0.611647962094397 -0.263802249176635 -8.70344602825383
897 6.83387830356129 3.41674909828644 6.87416940996508 12.7012652887336
898 3.01736795840161 9.16479393448908 13.7547894605805 -13.2680599095207
899 -9.45727059468046 6.46634517423416 9.94738229197235 3.91443121583174
900 -8.86777717845627 9.00353727488254 -10.8033802994599 5.82649200764419
901 4.30890500226768 7.96227881604004 -11.6524387232566 -8.78064509457306
902 -8.99125434638299 7.19797308109441 -8.64791403815025 -14.1801700653092
903 -11.6078134677335 3.19250087110888 -5.74224679045595 9.05290736788652
904 4.56519723041642 8.99471485660997 -14.4085371200139 2.52247135850545
905 -11.487057067341 9.65830517737449 -10.997498011594 5.25945688451714
906 -8.56098886186042 13.2525316884441 -10.6275724149189 13.0978755303353
907 -0.775702901658075 7.37025008700643 13.6499610028055 -10.2417311527664
908 -9.62038580539797 7.04680221970511 4.86412645741133 10.4213517682702
909 -14.0026335370496 -9.35116223739321 -8.45204208594309 -7.96753126417161
910 4.8720622450678 0.906553372290883 10.6718951645673 -0.297964703446632
911 -13.2312749969548 12.2652770909578 8.63542676242152 -9.85093726529754
912 -10.6401331331215 5.1767100597074 9.83768918508967 -11.3158883069477
913 -7.6430411555841 12.3125310123322 -14.7833353739026 6.24899028195012
914 3.4435130494324 5.33498289682387 -9.6601612828156 4.77745986950859
915 7.52504774687785 3.10475821672378 -10.0354789234983 13.2534298644779
916 -11.2689242284441 6.63955342095546 -10.504532433714 11.4732930524947
917 -12.9555843433104 8.25099619341689 12.3045988891272 8.43061838321976
918 -9.39544098815456 9.71267521101284 -10.1586925590454 9.79109794579916
919 8.9253092936148 2.08154355895328 0.868442305037759 0.00833149678368095
920 8.47592239322476 2.5299324324717 -10.7326627479938 6.08996092718235
921 6.75481635693104 -1.35843273096948 9.10070435653234 11.9400722831634
922 3.67218371260072 8.35318881159316 -11.2550474436783 11.133664231103
923 10.0152873160197 10.0342555351245 -10.3579290819203 6.49303235505178
924 -8.07052578159368 8.18995674042053 8.81912581731996 8.14731122673151
925 -10.3475541250748 13.9818315584797 -10.1490770666301 -14.1112046672227
926 -9.11139422809138 7.76238287272935 -10.8567615772616 -9.7983533455729
927 -9.4128340327851 3.57003412521432 11.1651121375516 8.11403586326432
928 8.30559548086834 3.79472400000797 10.3941533561414 9.18263685624219
929 -14.1362522408002 6.17618389720046 -8.95953235373734 8.53587338102087
930 -8.62805682029241 5.72180159254847 -11.0831295665522 -8.49515490888608
931 -12.8449801661913 -2.94386675954283 -7.13673204773303 -11.0891012014245
932 3.8435555787232 1.5047996355494 -8.05372680901243 12.2806074755266
933 -9.78097853082433 11.2632740915735 8.8656607172299 -0.59522342708716
934 2.65446825955601 5.52405465705851 6.39097916971993 -12.648418998402
935 6.64174852469853 9.61424046637637 9.97894524169702 9.19914569528011
936 0.648102500451119 12.5704985210777 8.27038421872031 3.51247558224453
937 9.39308029378094 11.8432640248587 -12.4135386437309 -4.2055833310194
938 -8.70127844511424 -2.03098670183494 13.1618375447265 -8.08438702081886
939 3.14419205484872 5.2842035547734 -6.46071212769272 15.1741322213072
940 3.25179582094794 10.3181465543152 -7.69043878713673 13.8890147507665
941 9.22165159900375 2.20220789898817 -10.4276186338433 -13.5820094379391
942 8.16107651596882 8.25985809835772 9.88364156533222 -10.9183472788048
943 -4.79888927965553 11.6245140891893 11.1709215862027 6.19360718124423
944 -8.77580701225391 9.10488130290425 -11.8416553064615 -11.9906007541781
945 -11.0704678936289 10.90496902027 -9.86307186681491 3.54315687908593
946 11.3993393840634 13.4753720922229 -14.5908958374504 -9.39884680234258
947 4.5178971750061 3.07750749044672 -9.51788482889166 -5.96984552922397
948 -7.91964059422215 7.0492699842906 6.87100141299674 -9.1586837957348
949 8.07265278030871 -10.5371520987243 -8.59978934233506 -6.72408369987786
950 4.95123859298442 10.8736305590235 -8.45971165415096 -11.2406920778052
951 -10.6970525270871 9.22831065160596 -9.14172371669637 5.56953363224323
952 5.59146498456399 9.72381957275089 -10.8790687579104 -12.1085927762467
953 1.90562560444576 10.3355299899955 -8.91221182452286 5.69025570474872
954 4.97966079133161 5.26906649539584 -10.4072933275133 9.19730397222984
955 0.90003260000756 10.5391856290149 -12.0011909623734 5.26968531608553
956 -9.0528995942753 10.788215093109 3.60788004073385 -14.3449628501587
957 -12.5872860459211 8.09974454211399 -7.7188703025683 13.0472731055955
958 8.20985758154183 9.67221247489943 8.27571121339626 4.82792103997786
959 6.28722437700331 12.2294597987463 -12.9899051462569 10.879242052269
960 -6.82102380644377 -4.86734249992359 -0.654968629183124 11.7060435663973
961 4.58627128625507 1.07105556952794 17.5380685854355 6.02390590570398
962 -12.9058036126608 8.19475639966178 -9.46854790876372 13.7687178705265
963 8.67582300899106 0.336566475124584 -9.78903074617532 6.98650157912922
964 3.67544755751779 7.63580081893504 -7.19734709881888 -9.26827106322989
965 -13.3009821726719 9.52883192316389 13.4941256622027 7.98665278201644
966 6.32812115053504 7.98739072590992 -8.77558115644081 -10.1632177555065
967 -7.0259412285901 11.9174120183298 -9.99238486021298 -12.5439551737887
968 -12.7599927765763 10.5607122160886 9.63099511524861 2.36033212127279
969 2.49299289150888 10.2201218103752 -13.4921176101936 11.3504567184081
970 10.4130827158628 14.184952721475 5.24510611571761 10.1930443671879
971 -8.86251363194635 -0.563936935140661 12.7203472604394 -5.63046625333975
972 -8.87215115279581 6.57065629417109 -12.3509067270924 -7.37505620040525
973 5.24582277119384 12.8369995969194 7.40987680738782 6.9991677159115
974 -11.1941183219488 3.7087575369067 2.64742224082504 5.45688324460696
975 -11.7535736813249 -8.6131290007758 8.11574562764343 -10.5171253905731
976 -9.24902192495954 2.66428772494503 14.0826486154038 7.5232093599395
977 2.8575856596985 0.209861740352739 11.8104798308362 9.12023837070623
978 11.140613021996 7.37173282392697 -11.0262089266131 5.57562028118979
979 -9.00556518789076 0.753199844170086 -4.89945125781375 -8.22235811330295
980 -10.8780081198172 -9.04588739676526 10.561003909166 10.6032043628878
981 13.8507470214067 2.03178745891005 -7.09157966546487 10.3971692520667
982 5.35111059743117 9.27574729681966 17.6733517804377 6.35774572401049
983 -11.1269593972214 6.1684864526557 12.2552361672429 1.42597522648502
984 -12.7078579594277 14.4510378619767 -13.76417469476 11.7766885800966
985 10.4651313408769 13.3571260705419 12.7353153243337 -12.9401478988547
986 -8.3952301202233 -11.9835271417353 -8.2075541649042 -11.2392993174328
987 -11.4575598426854 7.75012860332912 -11.1287503943331 8.99658798099747
988 -11.2543131180923 7.45425288228289 -10.109764326072 0.916645071997208
989 14.2449681344935 -9.22739815456707 -12.9924672987964 5.52466928615192
990 -6.62132007909251 11.248979160737 -7.8861839077889 -6.71169264690445
991 -12.6331889575281 8.32536467634264 5.75458264124668 9.47292303996044
992 1.13016856376444 7.611576914057 5.10118208844647 -7.85925581940131
993 -8.13766518984199 11.0050161539704 -8.89163658359126 7.91026128459153
994 8.89295656032776 11.2266228330677 7.44956868136619 -9.20266671225078
995 5.41851651389423 14.0325520079027 1.86361312684617 -11.6450414788535
996 -11.3602336113706 -0.15235410878076 -11.3486229449613 10.3820515609637
997 -10.459798888536 11.073019855063 8.12113628818503 11.3597727596742
998 1.11337094755441 8.82654072956369 -8.07744641208738 2.28778960827979
999 2.79768699067553 10.1117217619527 10.1995004261773 -9.95393531642729
1000 2.89316293353817 4.01308000479807 -9.93705342550242 -7.74189534711696
